#depth	O	O+	O+2	O+3	O+4	O+5	O+6	O+7	O+8	O[1]	O[2]	O[3]
 5.04420e+12	5.45e-02	9.06e-01	3.97e-02	0.00e+00	0.00e+00	0.00e+00	0.00e+00	0.00e+00	0.00e+00	5.37e-02	3.66e-04	4.11e-04
 3.02652e+13	5.43e-02	9.06e-01	3.98e-02	1.49e-07	0.00e+00	0.00e+00	0.00e+00	0.00e+00	0.00e+00	5.35e-02	3.65e-04	4.09e-04
 1.31149e+14	5.42e-02	9.06e-01	3.99e-02	0.00e+00	0.00e+00	0.00e+00	0.00e+00	0.00e+00	0.00e+00	5.34e-02	3.64e-04	4.09e-04
 5.34685e+14	5.41e-02	9.06e-01	3.99e-02	0.00e+00	0.00e+00	0.00e+00	0.00e+00	0.00e+00	0.00e+00	5.33e-02	3.63e-04	4.08e-04
 1.27719e+15	5.30e-02	9.06e-01	4.06e-02	0.00e+00	0.00e+00	0.00e+00	0.00e+00	0.00e+00	0.00e+00	5.23e-02	3.56e-04	4.00e-04
 2.24245e+15	5.21e-02	9.07e-01	4.12e-02	1.56e-07	0.00e+00	0.00e+00	0.00e+00	0.00e+00	0.00e+00	5.13e-02	3.50e-04	3.93e-04
 3.49728e+15	5.13e-02	9.07e-01	4.16e-02	0.00e+00	0.00e+00	0.00e+00	0.00e+00	0.00e+00	0.00e+00	5.06e-02	3.45e-04	3.87e-04
 5.12857e+15	5.05e-02	9.08e-01	4.19e-02	1.59e-07	0.00e+00	0.00e+00	0.00e+00	0.00e+00	0.00e+00	4.98e-02	3.40e-04	3.82e-04
 7.24924e+15	5.00e-02	9.08e-01	4.21e-02	0.00e+00	0.00e+00	0.00e+00	0.00e+00	0.00e+00	0.00e+00	4.93e-02	3.36e-04	3.78e-04
 1.00061e+16	4.96e-02	9.08e-01	4.20e-02	0.00e+00	0.00e+00	0.00e+00	0.00e+00	0.00e+00	0.00e+00	4.89e-02	3.34e-04	3.75e-04
 1.35900e+16	4.97e-02	9.09e-01	4.14e-02	0.00e+00	0.00e+00	0.00e+00	0.00e+00	0.00e+00	0.00e+00	4.90e-02	3.35e-04	3.76e-04
 1.82492e+16	5.04e-02	9.09e-01	4.03e-02	0.00e+00	0.00e+00	0.00e+00	0.00e+00	0.00e+00	0.00e+00	4.96e-02	3.39e-04	3.81e-04
 2.43060e+16	5.20e-02	9.10e-01	3.84e-02	0.00e+00	0.00e+00	0.00e+00	0.00e+00	0.00e+00	0.00e+00	5.13e-02	3.49e-04	3.93e-04
 3.21799e+16	5.53e-02	9.09e-01	3.53e-02	0.00e+00	0.00e+00	0.00e+00	0.00e+00	0.00e+00	0.00e+00	5.45e-02	3.70e-04	4.16e-04
 4.16281e+16	6.06e-02	9.08e-01	3.13e-02	0.00e+00	0.00e+00	0.00e+00	0.00e+00	0.00e+00	0.00e+00	5.97e-02	4.04e-04	4.55e-04
 5.12029e+16	6.80e-02	9.05e-01	2.71e-02	0.00e+00	0.00e+00	0.00e+00	0.00e+00	0.00e+00	0.00e+00	6.70e-02	4.51e-04	5.08e-04
 6.17302e+16	7.97e-02	8.98e-01	2.21e-02	0.00e+00	0.00e+00	0.00e+00	0.00e+00	0.00e+00	0.00e+00	7.86e-02	5.24e-04	5.90e-04
 7.30158e+16	9.72e-02	8.86e-01	1.71e-02	0.00e+00	0.00e+00	0.00e+00	0.00e+00	0.00e+00	0.00e+00	9.59e-02	6.30e-04	7.10e-04
 8.31200e+16	1.20e-01	8.67e-01	1.29e-02	0.00e+00	0.00e+00	0.00e+00	0.00e+00	0.00e+00	0.00e+00	1.19e-01	7.65e-04	8.62e-04
 9.19229e+16	1.48e-01	8.42e-01	9.70e-03	0.00e+00	0.00e+00	0.00e+00	0.00e+00	0.00e+00	0.00e+00	1.46e-01	9.22e-04	1.04e-03
 9.90047e+16	1.79e-01	8.14e-01	7.42e-03	0.00e+00	0.00e+00	0.00e+00	0.00e+00	0.00e+00	0.00e+00	1.76e-01	1.08e-03	1.22e-03
 1.04696e+17	2.09e-01	7.86e-01	5.84e-03	0.00e+00	0.00e+00	0.00e+00	0.00e+00	0.00e+00	0.00e+00	2.06e-01	1.23e-03	1.39e-03
 1.09641e+17	2.40e-01	7.55e-01	4.66e-03	0.00e+00	0.00e+00	0.00e+00	0.00e+00	0.00e+00	0.00e+00	2.37e-01	1.37e-03	1.55e-03
 1.14169e+17	2.72e-01	7.24e-01	3.75e-03	0.00e+00	0.00e+00	0.00e+00	0.00e+00	0.00e+00	0.00e+00	2.69e-01	1.51e-03	1.71e-03
 1.18704e+17	3.09e-01	6.88e-01	2.97e-03	0.00e+00	0.00e+00	0.00e+00	0.00e+00	0.00e+00	0.00e+00	3.05e-01	1.65e-03	1.87e-03
 1.23184e+17	3.49e-01	6.49e-01	2.33e-03	0.00e+00	0.00e+00	0.00e+00	0.00e+00	0.00e+00	0.00e+00	3.45e-01	1.79e-03	2.03e-03
 1.27080e+17	3.87e-01	6.11e-01	1.86e-03	0.00e+00	0.00e+00	0.00e+00	0.00e+00	0.00e+00	0.00e+00	3.83e-01	1.90e-03	2.15e-03
 1.30158e+17	4.19e-01	5.79e-01	1.55e-03	0.00e+00	0.00e+00	0.00e+00	0.00e+00	0.00e+00	0.00e+00	4.15e-01	1.98e-03	2.25e-03
 1.32727e+17	4.47e-01	5.52e-01	1.32e-03	0.00e+00	0.00e+00	0.00e+00	0.00e+00	0.00e+00	0.00e+00	4.42e-01	2.04e-03	2.31e-03
 1.35140e+17	4.73e-01	5.26e-01	1.14e-03	0.00e+00	0.00e+00	0.00e+00	0.00e+00	0.00e+00	0.00e+00	4.68e-01	2.08e-03	2.37e-03
 1.37507e+17	4.99e-01	5.00e-01	9.78e-04	0.00e+00	0.00e+00	0.00e+00	0.00e+00	0.00e+00	0.00e+00	4.94e-01	2.12e-03	2.41e-03
 1.39775e+17	5.23e-01	4.76e-01	8.45e-04	0.00e+00	0.00e+00	0.00e+00	0.00e+00	0.00e+00	0.00e+00	5.19e-01	2.14e-03	2.44e-03
 1.41883e+17	5.47e-01	4.53e-01	7.35e-04	0.00e+00	0.00e+00	0.00e+00	0.00e+00	0.00e+00	0.00e+00	5.42e-01	2.16e-03	2.46e-03
 1.43886e+17	5.68e-01	4.32e-01	6.44e-04	0.00e+00	0.00e+00	0.00e+00	0.00e+00	0.00e+00	0.00e+00	5.63e-01	2.17e-03	2.47e-03
 1.45807e+17	5.88e-01	4.11e-01	5.67e-04	0.00e+00	0.00e+00	0.00e+00	0.00e+00	0.00e+00	0.00e+00	5.83e-01	2.17e-03	2.47e-03
 1.47324e+17	6.04e-01	3.96e-01	5.14e-04	0.00e+00	0.00e+00	0.00e+00	0.00e+00	0.00e+00	0.00e+00	5.99e-01	2.17e-03	2.47e-03
 1.48381e+17	6.14e-01	3.85e-01	4.79e-04	0.00e+00	0.00e+00	0.00e+00	0.00e+00	0.00e+00	0.00e+00	6.10e-01	2.17e-03	2.47e-03
 1.49395e+17	6.24e-01	3.75e-01	4.48e-04	0.00e+00	0.00e+00	0.00e+00	0.00e+00	0.00e+00	0.00e+00	6.20e-01	2.16e-03	2.46e-03
 1.50602e+17	6.36e-01	3.64e-01	4.12e-04	0.00e+00	0.00e+00	0.00e+00	0.00e+00	0.00e+00	0.00e+00	6.31e-01	2.15e-03	2.45e-03
 1.51931e+17	6.48e-01	3.51e-01	3.78e-04	0.00e+00	0.00e+00	0.00e+00	0.00e+00	0.00e+00	0.00e+00	6.44e-01	2.14e-03	2.44e-03
 1.53243e+17	6.61e-01	3.39e-01	3.46e-04	0.00e+00	0.00e+00	0.00e+00	0.00e+00	0.00e+00	0.00e+00	6.56e-01	2.12e-03	2.42e-03
 1.54493e+17	6.72e-01	3.28e-01	3.18e-04	0.00e+00	0.00e+00	0.00e+00	0.00e+00	0.00e+00	0.00e+00	6.67e-01	2.11e-03	2.40e-03
 1.55730e+17	6.82e-01	3.17e-01	2.93e-04	0.00e+00	0.00e+00	0.00e+00	0.00e+00	0.00e+00	0.00e+00	6.78e-01	2.09e-03	2.39e-03
 1.57016e+17	6.93e-01	3.07e-01	2.69e-04	0.00e+00	0.00e+00	0.00e+00	0.00e+00	0.00e+00	0.00e+00	6.89e-01	2.08e-03	2.37e-03
 1.58347e+17	7.04e-01	2.95e-01	2.46e-04	0.00e+00	0.00e+00	0.00e+00	0.00e+00	0.00e+00	0.00e+00	7.00e-01	2.06e-03	2.34e-03
 1.59684e+17	7.15e-01	2.85e-01	2.25e-04	0.00e+00	0.00e+00	0.00e+00	0.00e+00	0.00e+00	0.00e+00	7.10e-01	2.03e-03	2.32e-03
 1.61019e+17	7.25e-01	2.75e-01	2.06e-04	0.00e+00	0.00e+00	0.00e+00	0.00e+00	0.00e+00	0.00e+00	7.21e-01	2.01e-03	2.29e-03
 1.62377e+17	7.35e-01	2.65e-01	1.88e-04	0.00e+00	0.00e+00	0.00e+00	0.00e+00	0.00e+00	0.00e+00	7.30e-01	1.99e-03	2.27e-03
 1.63768e+17	7.45e-01	2.55e-01	1.72e-04	0.00e+00	0.00e+00	0.00e+00	0.00e+00	0.00e+00	0.00e+00	7.40e-01	1.97e-03	2.24e-03
 1.65179e+17	7.54e-01	2.46e-01	1.56e-04	0.00e+00	0.00e+00	0.00e+00	0.00e+00	0.00e+00	0.00e+00	7.50e-01	1.94e-03	2.21e-03
 1.66606e+17	7.63e-01	2.37e-01	1.42e-04	0.00e+00	0.00e+00	0.00e+00	0.00e+00	0.00e+00	0.00e+00	7.59e-01	1.91e-03	2.18e-03
 1.68063e+17	7.72e-01	2.28e-01	1.30e-04	0.00e+00	0.00e+00	0.00e+00	0.00e+00	0.00e+00	0.00e+00	7.68e-01	1.89e-03	2.15e-03
 1.69554e+17	7.81e-01	2.19e-01	1.18e-04	0.00e+00	0.00e+00	0.00e+00	0.00e+00	0.00e+00	0.00e+00	7.77e-01	1.86e-03	2.12e-03
 1.71068e+17	7.90e-01	2.10e-01	1.07e-04	0.00e+00	0.00e+00	0.00e+00	0.00e+00	0.00e+00	0.00e+00	7.86e-01	1.83e-03	2.09e-03
 1.72601e+17	7.98e-01	2.02e-01	9.67e-05	0.00e+00	0.00e+00	0.00e+00	0.00e+00	0.00e+00	0.00e+00	7.94e-01	1.81e-03	2.06e-03
 1.74172e+17	8.06e-01	1.94e-01	8.75e-05	0.00e+00	0.00e+00	0.00e+00	0.00e+00	0.00e+00	0.00e+00	8.02e-01	1.78e-03	2.02e-03
 1.75786e+17	8.14e-01	1.86e-01	7.89e-05	0.00e+00	0.00e+00	0.00e+00	0.00e+00	0.00e+00	0.00e+00	8.10e-01	1.75e-03	1.99e-03
 1.77424e+17	8.21e-01	1.79e-01	7.12e-05	0.00e+00	0.00e+00	0.00e+00	0.00e+00	0.00e+00	0.00e+00	8.17e-01	1.72e-03	1.96e-03
 1.79081e+17	8.28e-01	1.72e-01	6.42e-05	0.00e+00	0.00e+00	0.00e+00	0.00e+00	0.00e+00	0.00e+00	8.25e-01	1.69e-03	1.93e-03
 1.80781e+17	8.35e-01	1.65e-01	5.77e-05	0.00e+00	0.00e+00	0.00e+00	0.00e+00	0.00e+00	0.00e+00	8.32e-01	1.67e-03	1.89e-03
 1.82530e+17	8.42e-01	1.58e-01	5.17e-05	0.00e+00	0.00e+00	0.00e+00	0.00e+00	0.00e+00	0.00e+00	8.39e-01	1.64e-03	1.86e-03
 1.84303e+17	8.49e-01	1.51e-01	4.64e-05	0.00e+00	0.00e+00	0.00e+00	0.00e+00	0.00e+00	0.00e+00	8.45e-01	1.61e-03	1.83e-03
 1.86093e+17	8.55e-01	1.45e-01	4.15e-05	0.00e+00	0.00e+00	0.00e+00	0.00e+00	0.00e+00	0.00e+00	8.52e-01	1.58e-03	1.80e-03
 1.87927e+17	8.61e-01	1.39e-01	3.71e-05	0.00e+00	0.00e+00	0.00e+00	0.00e+00	0.00e+00	0.00e+00	8.58e-01	1.56e-03	1.77e-03
 1.89787e+17	8.67e-01	1.33e-01	3.31e-05	0.00e+00	0.00e+00	0.00e+00	0.00e+00	0.00e+00	0.00e+00	8.64e-01	1.53e-03	1.73e-03
 1.91660e+17	8.73e-01	1.27e-01	2.95e-05	0.00e+00	0.00e+00	0.00e+00	0.00e+00	0.00e+00	0.00e+00	8.70e-01	1.50e-03	1.71e-03
 1.93538e+17	8.78e-01	1.22e-01	2.63e-05	0.00e+00	0.00e+00	0.00e+00	0.00e+00	0.00e+00	0.00e+00	8.75e-01	1.48e-03	1.68e-03
 1.95435e+17	8.83e-01	1.17e-01	2.35e-05	0.00e+00	0.00e+00	0.00e+00	0.00e+00	0.00e+00	0.00e+00	8.80e-01	1.45e-03	1.65e-03
 1.97358e+17	8.88e-01	1.12e-01	2.09e-05	0.00e+00	0.00e+00	0.00e+00	0.00e+00	0.00e+00	0.00e+00	8.85e-01	1.43e-03	1.62e-03
 1.99279e+17	8.93e-01	1.07e-01	1.87e-05	0.00e+00	0.00e+00	0.00e+00	0.00e+00	0.00e+00	0.00e+00	8.90e-01	1.41e-03	1.59e-03
 2.01193e+17	8.97e-01	1.03e-01	1.66e-05	0.00e+00	0.00e+00	0.00e+00	0.00e+00	0.00e+00	0.00e+00	8.94e-01	1.38e-03	1.57e-03
 2.03127e+17	9.01e-01	9.85e-02	1.48e-05	0.00e+00	0.00e+00	0.00e+00	0.00e+00	0.00e+00	0.00e+00	8.99e-01	1.36e-03	1.54e-03
 2.05084e+17	9.06e-01	9.44e-02	1.32e-05	0.00e+00	0.00e+00	0.00e+00	0.00e+00	0.00e+00	0.00e+00	9.03e-01	1.34e-03	1.51e-03
 2.07033e+17	9.09e-01	9.06e-02	1.17e-05	0.00e+00	0.00e+00	0.00e+00	0.00e+00	0.00e+00	0.00e+00	9.07e-01	1.32e-03	1.49e-03
 2.08968e+17	9.13e-01	8.68e-02	1.05e-05	0.00e+00	0.00e+00	0.00e+00	0.00e+00	0.00e+00	0.00e+00	9.10e-01	1.30e-03	1.47e-03
 2.10917e+17	9.17e-01	8.33e-02	9.32e-06	0.00e+00	0.00e+00	0.00e+00	0.00e+00	0.00e+00	0.00e+00	9.14e-01	1.28e-03	1.45e-03
 2.12887e+17	9.20e-01	7.99e-02	8.29e-06	0.00e+00	0.00e+00	0.00e+00	0.00e+00	0.00e+00	0.00e+00	9.17e-01	1.26e-03	1.42e-03
 2.14848e+17	9.23e-01	7.67e-02	7.38e-06	0.00e+00	0.00e+00	0.00e+00	0.00e+00	0.00e+00	0.00e+00	9.21e-01	1.25e-03	1.40e-03
 2.16790e+17	9.26e-01	7.36e-02	6.58e-06	0.00e+00	0.00e+00	0.00e+00	0.00e+00	0.00e+00	0.00e+00	9.24e-01	1.23e-03	1.38e-03
 2.18741e+17	9.29e-01	7.07e-02	5.86e-06	0.00e+00	0.00e+00	0.00e+00	0.00e+00	0.00e+00	0.00e+00	9.27e-01	1.21e-03	1.36e-03
 2.20705e+17	9.32e-01	6.77e-02	5.22e-06	0.00e+00	0.00e+00	0.00e+00	0.00e+00	0.00e+00	0.00e+00	9.30e-01	1.20e-03	1.34e-03
 2.22666e+17	9.35e-01	6.51e-02	4.65e-06	0.00e+00	0.00e+00	0.00e+00	0.00e+00	0.00e+00	0.00e+00	9.32e-01	1.18e-03	1.33e-03
 2.24608e+17	9.38e-01	6.24e-02	4.14e-06	0.00e+00	0.00e+00	0.00e+00	0.00e+00	0.00e+00	0.00e+00	9.35e-01	1.16e-03	1.31e-03
