#depth	H	H+	H2
 5.04420e+12	4.70e-02	9.53e-01	2.29e-12
 3.02652e+13	4.69e-02	9.53e-01	2.28e-12
 1.31149e+14	4.68e-02	9.53e-01	2.27e-12
 5.34685e+14	4.67e-02	9.53e-01	2.26e-12
 1.27719e+15	4.58e-02	9.54e-01	2.19e-12
 2.24245e+15	4.50e-02	9.55e-01	2.12e-12
 3.49728e+15	4.43e-02	9.56e-01	2.08e-12
 5.12857e+15	4.36e-02	9.56e-01	2.02e-12
 7.24924e+15	4.32e-02	9.57e-01	2.00e-12
 1.00061e+16	4.28e-02	9.57e-01	2.00e-12
 1.35900e+16	4.29e-02	9.57e-01	2.03e-12
 1.82492e+16	4.33e-02	9.57e-01	2.12e-12
 2.43060e+16	4.47e-02	9.55e-01	2.30e-12
 3.21799e+16	4.73e-02	9.53e-01	2.67e-12
 4.16281e+16	5.17e-02	9.48e-01	3.31e-12
 5.12029e+16	5.78e-02	9.42e-01	4.29e-12
 6.17302e+16	6.74e-02	9.33e-01	6.16e-12
 7.30158e+16	8.20e-02	9.18e-01	9.73e-12
 8.31200e+16	1.01e-01	8.99e-01	1.60e-11
 9.19229e+16	1.25e-01	8.75e-01	2.66e-11
 9.90047e+16	1.51e-01	8.49e-01	4.24e-11
 1.04696e+17	1.77e-01	8.23e-01	6.32e-11
 1.09641e+17	2.05e-01	7.95e-01	9.16e-11
 1.14169e+17	2.33e-01	7.67e-01	1.29e-10
 1.18704e+17	2.66e-01	7.34e-01	1.86e-10
 1.23184e+17	3.03e-01	6.97e-01	2.68e-10
 1.27080e+17	3.39e-01	6.61e-01	3.71e-10
 1.30158e+17	3.69e-01	6.31e-01	4.81e-10
 1.32727e+17	3.96e-01	6.04e-01	5.96e-10
 1.35140e+17	4.21e-01	5.79e-01	7.26e-10
 1.37507e+17	4.46e-01	5.54e-01	8.80e-10
 1.39775e+17	4.71e-01	5.29e-01	1.05e-09
 1.41883e+17	4.94e-01	5.06e-01	1.25e-09
 1.43886e+17	5.15e-01	4.85e-01	1.45e-09
 1.45807e+17	5.36e-01	4.64e-01	1.68e-09
 1.47324e+17	5.52e-01	4.48e-01	1.87e-09
 1.48381e+17	5.63e-01	4.37e-01	2.02e-09
 1.49395e+17	5.73e-01	4.27e-01	2.17e-09
 1.50602e+17	5.85e-01	4.15e-01	2.37e-09
 1.51931e+17	5.98e-01	4.02e-01	2.58e-09
 1.53243e+17	6.11e-01	3.89e-01	2.83e-09
 1.54493e+17	6.23e-01	3.77e-01	3.07e-09
 1.55730e+17	6.34e-01	3.66e-01	3.32e-09
 1.57016e+17	6.46e-01	3.54e-01	3.60e-09
 1.58347e+17	6.58e-01	3.42e-01	3.92e-09
 1.59684e+17	6.69e-01	3.31e-01	4.23e-09
 1.61019e+17	6.80e-01	3.20e-01	4.58e-09
 1.62377e+17	6.91e-01	3.09e-01	4.94e-09
 1.63768e+17	7.02e-01	2.98e-01	5.35e-09
 1.65179e+17	7.12e-01	2.88e-01	5.77e-09
 1.66606e+17	7.22e-01	2.78e-01	6.23e-09
 1.68063e+17	7.32e-01	2.68e-01	6.69e-09
 1.69554e+17	7.42e-01	2.58e-01	7.24e-09
 1.71068e+17	7.52e-01	2.48e-01	7.77e-09
 1.72601e+17	7.61e-01	2.39e-01	8.37e-09
 1.74172e+17	7.70e-01	2.30e-01	8.98e-09
 1.75786e+17	7.79e-01	2.21e-01	9.69e-09
 1.77424e+17	7.87e-01	2.13e-01	1.04e-08
 1.79081e+17	7.95e-01	2.05e-01	1.12e-08
 1.80781e+17	8.03e-01	1.97e-01	1.20e-08
 1.82530e+17	8.11e-01	1.89e-01	1.29e-08
 1.84303e+17	8.19e-01	1.81e-01	1.38e-08
 1.86093e+17	8.26e-01	1.74e-01	1.48e-08
 1.87927e+17	8.33e-01	1.67e-01	1.58e-08
 1.89787e+17	8.40e-01	1.60e-01	1.70e-08
 1.91660e+17	8.47e-01	1.53e-01	1.81e-08
 1.93538e+17	8.53e-01	1.47e-01	1.95e-08
 1.95435e+17	8.59e-01	1.41e-01	2.08e-08
 1.97358e+17	8.65e-01	1.35e-01	2.22e-08
 1.99279e+17	8.70e-01	1.30e-01	2.36e-08
 2.01193e+17	8.75e-01	1.25e-01	2.53e-08
 2.03127e+17	8.80e-01	1.20e-01	2.69e-08
 2.05084e+17	8.85e-01	1.15e-01	2.86e-08
 2.07033e+17	8.90e-01	1.10e-01	3.04e-08
 2.08968e+17	8.94e-01	1.06e-01	3.24e-08
 2.10917e+17	8.98e-01	1.02e-01	3.44e-08
 2.12887e+17	9.02e-01	9.75e-02	3.65e-08
 2.14848e+17	9.06e-01	9.37e-02	3.87e-08
 2.16790e+17	9.10e-01	8.99e-02	4.12e-08
 2.18741e+17	9.14e-01	8.65e-02	4.35e-08
 2.20705e+17	9.17e-01	8.30e-02	4.63e-08
 2.22666e+17	9.20e-01	7.97e-02	4.89e-08
 2.24608e+17	9.23e-01	7.65e-02	5.19e-08
