#depth	He	He+	He+2
 5.04420e+12	8.15e-02	9.18e-01	1.45e-04
 3.02652e+13	8.14e-02	9.18e-01	1.45e-04
 1.31149e+14	8.13e-02	9.19e-01	1.45e-04
 5.34685e+14	8.15e-02	9.18e-01	1.45e-04
 1.27719e+15	8.15e-02	9.18e-01	1.45e-04
 2.24245e+15	8.16e-02	9.18e-01	1.45e-04
 3.49728e+15	8.19e-02	9.18e-01	1.45e-04
 5.12857e+15	8.22e-02	9.18e-01	1.44e-04
 7.24924e+15	8.27e-02	9.17e-01	1.43e-04
 1.00061e+16	8.34e-02	9.16e-01	1.41e-04
 1.35900e+16	8.45e-02	9.15e-01	1.38e-04
 1.82492e+16	8.60e-02	9.14e-01	1.33e-04
 2.43060e+16	8.84e-02	9.12e-01	1.27e-04
 3.21799e+16	9.19e-02	9.08e-01	1.18e-04
 4.16281e+16	9.66e-02	9.03e-01	1.08e-04
 5.12029e+16	1.02e-01	8.98e-01	9.90e-05
 6.17302e+16	1.10e-01	8.90e-01	8.81e-05
 7.30158e+16	1.21e-01	8.79e-01	7.76e-05
 8.31200e+16	1.33e-01	8.67e-01	6.88e-05
 9.19229e+16	1.46e-01	8.54e-01	6.18e-05
 9.90047e+16	1.59e-01	8.41e-01	5.66e-05
 1.04696e+17	1.71e-01	8.29e-01	5.27e-05
 1.09641e+17	1.83e-01	8.17e-01	4.95e-05
 1.14169e+17	1.96e-01	8.04e-01	4.68e-05
 1.18704e+17	2.09e-01	7.91e-01	4.43e-05
 1.23184e+17	2.24e-01	7.76e-01	4.21e-05
 1.27080e+17	2.38e-01	7.62e-01	4.04e-05
 1.30158e+17	2.50e-01	7.50e-01	3.92e-05
 1.32727e+17	2.60e-01	7.40e-01	3.83e-05
 1.35140e+17	2.70e-01	7.30e-01	3.74e-05
 1.37507e+17	2.81e-01	7.19e-01	3.66e-05
 1.39775e+17	2.91e-01	7.09e-01	3.60e-05
 1.41883e+17	3.01e-01	6.99e-01	3.54e-05
 1.43886e+17	3.10e-01	6.90e-01	3.49e-05
 1.45807e+17	3.19e-01	6.81e-01	3.45e-05
 1.47324e+17	3.26e-01	6.74e-01	3.42e-05
 1.48381e+17	3.31e-01	6.69e-01	3.40e-05
 1.49395e+17	3.36e-01	6.64e-01	3.37e-05
 1.50602e+17	3.43e-01	6.57e-01	3.33e-05
 1.51931e+17	3.49e-01	6.51e-01	3.31e-05
 1.53243e+17	3.56e-01	6.44e-01	3.27e-05
 1.54493e+17	3.63e-01	6.37e-01	3.25e-05
 1.55730e+17	3.69e-01	6.31e-01	3.22e-05
 1.57016e+17	3.76e-01	6.24e-01	3.19e-05
 1.58347e+17	3.84e-01	6.16e-01	3.15e-05
 1.59684e+17	3.91e-01	6.09e-01	3.13e-05
 1.61019e+17	3.98e-01	6.02e-01	3.09e-05
 1.62377e+17	4.06e-01	5.94e-01	3.06e-05
 1.63768e+17	4.14e-01	5.86e-01	3.02e-05
 1.65179e+17	4.22e-01	5.78e-01	2.99e-05
 1.66606e+17	4.30e-01	5.70e-01	2.95e-05
 1.68063e+17	4.38e-01	5.62e-01	2.91e-05
 1.69554e+17	4.47e-01	5.53e-01	2.86e-05
 1.71068e+17	4.56e-01	5.44e-01	2.82e-05
 1.72601e+17	4.65e-01	5.34e-01	2.77e-05
 1.74172e+17	4.75e-01	5.25e-01	2.72e-05
 1.75786e+17	4.85e-01	5.15e-01	2.67e-05
 1.77424e+17	4.94e-01	5.06e-01	2.62e-05
 1.79081e+17	5.05e-01	4.95e-01	2.56e-05
 1.80781e+17	5.15e-01	4.85e-01	2.51e-05
 1.82530e+17	5.26e-01	4.74e-01	2.45e-05
 1.84303e+17	5.36e-01	4.64e-01	2.39e-05
 1.86093e+17	5.47e-01	4.53e-01	2.32e-05
 1.87927e+17	5.58e-01	4.42e-01	2.26e-05
 1.89787e+17	5.70e-01	4.30e-01	2.20e-05
 1.91660e+17	5.81e-01	4.19e-01	2.13e-05
 1.93538e+17	5.92e-01	4.08e-01	2.07e-05
 1.95435e+17	6.03e-01	3.97e-01	2.00e-05
 1.97358e+17	6.15e-01	3.85e-01	1.94e-05
 1.99279e+17	6.26e-01	3.74e-01	1.88e-05
 2.01193e+17	6.37e-01	3.63e-01	1.81e-05
 2.03127e+17	6.48e-01	3.52e-01	1.75e-05
 2.05084e+17	6.59e-01	3.41e-01	1.69e-05
 2.07033e+17	6.69e-01	3.31e-01	1.63e-05
 2.08968e+17	6.80e-01	3.20e-01	1.57e-05
 2.10917e+17	6.91e-01	3.09e-01	1.51e-05
 2.12887e+17	7.01e-01	2.99e-01	1.45e-05
 2.14848e+17	7.11e-01	2.89e-01	1.40e-05
 2.16790e+17	7.21e-01	2.79e-01	1.34e-05
 2.18741e+17	7.30e-01	2.70e-01	1.29e-05
 2.20705e+17	7.40e-01	2.60e-01	1.24e-05
 2.22666e+17	7.49e-01	2.51e-01	1.19e-05
 2.24608e+17	7.58e-01	2.42e-01	1.15e-05
